1.000000000000000000e+00	1.184825631787337907e-01	-5.215470825360491586e-03	1.016041192049807196e-01	1.010805816085943165e-01	1.010778351880401854e-01	-1.463716366490839527e-01	3.458909414488589018e-01	-2.107947048808557142e-02	-1.445753454379145875e-01	-1.853272880493657404e-02	-1.256520121204458829e-01	2.935024251982620500e-02	4.221212100062268074e-02	2.267610009780858527e-01	1.297690024613268600e-01	-1.608682867188567234e-01	2.268060567515806647e-01	1.269155643332126882e-01	1.247969875180118260e-01	5.569372409015649339e-02	1.298375795117846232e-01	-1.345880645084664151e-01	9.060111418395762339e-02	2.267617501316848971e-01	1.284150789612637789e-01	8.989752645944526499e-02	1.067236908426882069e-01	1.294301599748524378e-01	1.009624693504837523e-01	8.888787766301942464e-03	7.914028216246209169e-02	-9.077375044011329330e-02	1.099219044519741395e-01	1.067319901933002080e-01	-5.562244387550678570e-02	6.816382607767774993e-02	-4.262697395845124748e-02	-1.809922097756718196e-01	9.066970532553561557e-02	-4.209693798707211249e-02	-5.522242995000679888e-02	-2.297547902379968449e-02	-5.623867765017150078e-02	-6.503805234801242341e-02	5.442383177835151409e-02	1.099125929265672291e-01	9.833158177924740395e-02	1.247292518236093051e-01	3.562761637900938028e-02	-1.803099244901412712e-02	-1.297591195158959987e-01	-4.105069148038144322e-02	6.653674000754797313e-04	-9.080509287856146361e-02	-6.165594561383601346e-02	-2.268503287973843985e-01	-7.253904652356471527e-02	-1.101327924937841318e-01	-1.308240439777620112e-01	-7.566126126089857407e-02	-3.686730902207897842e-02	-2.288427815771726728e-02	-2.915573417846912749e-02	9.527343759832676562e-02	-1.298308054065007711e-01	-6.617531629382145120e-02
1.184825631787337907e-01	1.000000000000000000e+00	1.910758610084131379e-02	4.674188643048578923e-02	4.654565924318199849e-02	4.652933906320540214e-02	-6.928158483198321171e-02	-7.436881855918665157e-03	1.063888614048276102e-02	-7.349871946768075925e-02	1.028890125126788804e-02	-6.348732510085164371e-02	-9.700513925538310073e-03	1.686609245634453774e-02	1.287654335362803729e-02	-1.552431837958039886e-02	-7.411737892785670578e-02	1.291496368899652109e-02	-1.688927226655759922e-02	2.324632424333279712e-02	-2.058588954457804196e-02	-1.548465985603680525e-02	-8.473961496232595980e-02	-2.912555031034481587e-02	1.286129974912337409e-02	-1.623381782407531948e-02	5.260933669940155710e-02	-2.844405865507021805e-02	-1.571788826986096621e-02	4.651491971064199149e-02	-1.625884588770999326e-02	-1.304789302064721795e-02	2.902609098364039228e-02	-2.296156875798975594e-02	-2.843886655020359464e-02	-6.781547569793475172e-03	1.213504220846199286e-02	-3.965756244960597782e-02	-9.545604865043889886e-02	-2.908624877809860843e-02	8.207564873982321069e-03	-3.528116333762067874e-03	-5.514171715914475969e-02	-1.860769345191221058e-02	2.498916587300400484e-03	-1.116450349946533464e-02	-2.296552394265416117e-02	3.172428156929638782e-02	2.318365950575393408e-02	1.414373115764421159e-02	1.991826743123513085e-02	1.546828153429083592e-02	2.372351443528096602e-03	-6.414417652396549492e-03	2.900738052627110236e-02	1.854956074768857608e-03	-1.294978170851170639e-02	-7.023167768805382849e-02	-5.866990091221176845e-02	-7.100333521632166967e-02	-1.113379692951861274e-02	-1.288997733808539686e-02	-5.507588550459716764e-02	9.808295729623255771e-03	1.208789891638331442e-02	1.548726109648926666e-02	-4.760982560641014577e-02
-5.215470825360491586e-03	1.910758610084131379e-02	1.000000000000000000e+00	-3.725773726241075889e-02	-3.755425902251659231e-02	-3.759532864217478287e-02	-7.490443151776339167e-03	-4.614388644895971864e-02	8.698519342281729738e-01	-1.361289153103933669e-01	8.599206414055284853e-01	-4.212566527863995797e-02	-2.921027832439818811e-02	-3.299548753237102616e-02	-4.381064490631020325e-02	1.575223154585801786e-03	-1.293542560750427506e-01	-4.376774998167252961e-02	-6.749171023150905661e-04	1.544219241753966472e-02	1.021238455282129087e-01	1.740052108964740404e-03	1.902650191638590241e-02	5.907054401024626478e-02	-4.386508368578137529e-02	5.732885390454723522e-04	6.972064058396007513e-02	4.608768203527317114e-02	1.483250539701420250e-03	-3.753018768481936746e-02	2.553558442219166710e-02	-4.670615832769878240e-02	-5.921218621692490164e-02	1.809137762644959929e-02	4.610907183196057135e-02	-1.153509308319227850e-01	1.500096349519245975e-01	-2.309389308035256216e-02	-1.521440921905224120e-01	5.916034792852566115e-02	-6.458630729584977082e-02	-1.453206862391915044e-01	9.728591933475712328e-02	-6.763572947832231785e-02	-1.022684210751977213e-01	8.148574648185819003e-02	1.815527222599405688e-02	1.201760110283973948e-01	1.536383758128673054e-02	6.160706829149566015e-03	1.943723610588402595e-01	-1.560387215566090688e-03	-1.673544089593382023e-01	1.715714598430044813e-01	-5.928804383599529243e-02	-8.389427343680411209e-02	4.383632642051778910e-02	5.729142202353762654e-03	-1.264152481291728504e-02	-1.569705148684298612e-01	-7.450477391620634326e-02	1.799471445764167232e-01	9.727063395151484826e-02	2.949362764397883696e-02	4.839251233988943468e-02	-1.526313597866262636e-03	2.211828091029347312e-02
1.016041192049807196e-01	4.674188643048578923e-02	-3.725773726241075889e-02	1.000000000000000000e+00	9.999959438653845956e-01	9.999962773501591684e-01	-9.914403965128351648e-02	7.738704449940402019e-02	-5.148392783513270482e-02	-1.039048067873316883e-01	-4.012449827346268455e-02	-9.070614328354861811e-02	2.091729821658650790e-01	-3.595874437763869891e-02	6.472146125554801843e-01	3.199977914279895641e-01	-1.141442197981483303e-01	6.472435692451123934e-01	3.175113999401268927e-01	1.671526672688711246e-01	-1.372697293348593313e-02	3.200302353986794746e-01	-4.546597479194793012e-02	1.525703423571526385e-01	6.472131676297513403e-01	3.189096355952549811e-01	3.585593548334485570e-02	1.136474167477457831e-01	3.198082698162420523e-01	9.999930709431732456e-01	4.242687633421549781e-03	-7.926543233461780594e-03	-1.527079548393917574e-01	2.090509139601693378e-01	1.136567662738320467e-01	-7.700930875231176698e-02	-2.242795958090948449e-02	2.641586565804568409e-02	-1.626401388662676029e-01	1.526450606148878619e-01	-4.853069520745461468e-02	-6.211552145121226887e-02	-1.056282459645905419e-01	-5.742978363714848489e-02	-5.665386876578798470e-02	-1.107126139520386507e-02	2.090393589430163679e-01	5.273673308516838715e-02	1.671045723469450350e-01	1.604479419232561488e-01	-6.686055702184411087e-02	-3.200059112356596347e-01	-6.029971532752072261e-02	-6.873759916763938493e-02	-1.527363679472443780e-01	-4.480506670447843148e-02	-6.472269889014822253e-01	-4.582955611996684941e-02	-3.272108182716387120e-02	-1.174207282746328601e-01	-5.753833216343771928e-02	-3.582060229949460967e-02	-1.055843287008790127e-01	-2.088370978469535899e-01	8.812308795392606586e-02	-3.200741238239129816e-01	-3.283287977463745372e-02
1.010805816085943165e-01	4.654565924318199849e-02	-3.755425902251659231e-02	9.999959438653845956e-01	1.000000000000000000e+00	9.999998800720922842e-01	-9.851221862038721244e-02	7.745101921730039585e-02	-5.166862734430380244e-02	-1.030396704675321795e-01	-4.030702528748487945e-02	-9.013109740111605039e-02	2.091711224127683066e-01	-3.615007958625868212e-02	6.470357822034346063e-01	3.199994452780265952e-01	-1.132461224896217505e-01	6.470634996967962183e-01	3.175357287917076610e-01	1.663188705172322090e-01	-1.364240417826070861e-02	3.200314439557462309e-01	-4.540446397626666380e-02	1.524266742136315689e-01	6.470338026480858540e-01	3.189216662847467743e-01	3.488023484325027124e-02	1.134023768644778773e-01	3.198115654977891631e-01	9.999985729762402853e-01	4.453298598404811445e-03	-8.024613178211759471e-03	-1.525631160807857378e-01	2.089608677710891871e-01	1.134116458942006495e-01	-7.671318888046857465e-02	-2.238344807195815842e-02	2.653491191995951959e-02	-1.613816975100746121e-01	1.525007955502404866e-01	-4.837237871565020636e-02	-6.182823814467287155e-02	-1.053627151637989701e-01	-5.719951084340001851e-02	-5.640124754009454011e-02	-1.131410755328776142e-02	2.089492748603746231e-01	5.242909123069579291e-02	1.662715548527671505e-01	1.600197420753926847e-01	-6.678089086082870940e-02	-3.200073475427396286e-01	-6.018571820952016427e-02	-6.869403263365432555e-02	-1.525913251033312323e-01	-4.455493960676935872e-02	-6.470459170363814794e-01	-4.458498001429334751e-02	-3.142755046251798773e-02	-1.162423937705548832e-01	-5.723909398389269432e-02	-3.571427767652794738e-02	-1.053200460934839711e-01	-2.088375554959737423e-01	8.769898047347264580e-02	-3.200752591817369597e-01	-3.181042011635095562e-02
1.010778351880401854e-01	4.652933906320540214e-02	-3.759532864217478287e-02	9.999962773501591684e-01	9.999998800720922842e-01	1.000000000000000000e+00	-9.844127177248135352e-02	7.745234817677051908e-02	-5.170448328158948337e-02	-1.029974793800575578e-01	-4.034370020197211582e-02	-9.005817832567013237e-02	2.091711821988354869e-01	-3.615853411160192127e-02	6.470233771275861745e-01	3.199994797674550195e-01	-1.132000316987345073e-01	6.470511715833932032e-01	3.175365640765353548e-01	1.663731128290708294e-01	-1.373459330632357915e-02	3.200314469095689174e-01	-4.541060626216920915e-02	1.524123937453790989e-01	6.470216788220508608e-01	3.189220281416266234e-01	3.487181680922481902e-02	1.133916919517676675e-01	3.198117971902199042e-01	9.999982335614800988e-01	4.411701239851916617e-03	-8.014751124075720698e-03	-1.525487785650340156e-01	2.089481096581398689e-01	1.134009640154205883e-01	-7.668689894217678438e-02	-2.254203371341399059e-02	2.659674697988032716e-02	-1.613408076378760048e-01	1.524865032299969614e-01	-4.835148373075407596e-02	-6.179883156467454175e-02	-1.053885268627116206e-01	-5.718621658015589360e-02	-5.637007083723031414e-02	-1.138709707041966022e-02	2.089365353589265062e-01	5.239749794468620547e-02	1.663257526460722446e-01	1.600193995594728080e-01	-6.683464129572184997e-02	-3.200074407905867391e-01	-6.013915478359381506e-02	-6.873165884545172355e-02	-1.525769777295186147e-01	-4.452872403019090403e-02	-6.470340135586605257e-01	-4.466827922151087038e-02	-3.150494127515762049e-02	-1.162068395787859143e-01	-5.721477718643822041e-02	-3.575959643040478586e-02	-1.053457555927631573e-01	-2.088377074964464508e-01	8.766755212875927683e-02	-3.200752908284045239e-01	-3.187443950811767041e-02
-1.463716366490839527e-01	-6.928158483198321171e-02	-7.490443151776339167e-03	-9.914403965128351648e-02	-9.851221862038721244e-02	-9.844127177248135352e-02	1.000000000000000000e+00	9.781922401589688773e-03	5.769209048301417522e-03	5.549555209457864846e-01	3.208634802066663225e-03	9.069201896240390859e-01	-4.301625155158703140e-02	-1.037679841665206659e-01	-8.280931234522033446e-02	-9.923802160676174766e-02	6.096707566268653178e-01	-8.290492547201770701e-02	-9.099214487504919679e-02	-1.514720685068360051e-01	-2.440668089477229519e-01	-9.952149994554534973e-02	4.876333730685035450e-02	-1.153056569483340288e-01	-8.274384190362649161e-02	-9.699536327477466247e-02	-3.478139605922265787e-01	-1.416869934779318441e-01	-9.678342493298991434e-02	-9.850559959778791563e-02	-7.814315012897941892e-03	-6.278834875375367830e-02	1.160262212001543086e-01	-9.672207222394776926e-02	-1.416601212216377359e-01	-8.399041379625447890e-02	-3.090549906509197364e-01	7.648070614003416035e-02	2.691418783923763547e-01	-1.154471880122227706e-01	-7.139139241128591995e-02	-8.563264705128885435e-02	4.777194236591151416e-02	-1.032532498124400233e-01	-3.973599083345716321e-02	-2.662986424383511630e-01	-9.641674002763084284e-02	1.133575774784718968e-03	-1.513352648251492516e-01	-8.797214684055788825e-02	-1.105646638533214487e-01	9.920781624648654373e-02	-4.508299406060702758e-02	-8.989264205891754622e-02	1.160046780783283715e-01	-1.027768515997432019e-01	8.285664683384985629e-02	1.450847757026016704e-01	1.706992670435595605e-01	3.470408553288855669e-01	-7.809818024204223663e-02	-2.661149962323230977e-02	4.763698311540723318e-02	4.277222901325775789e-02	-2.978941685115448212e-01	9.951151829669846460e-02	1.449737247784179117e-01
3.458909414488589018e-01	-7.436881855918665157e-03	-4.614388644895971864e-02	7.738704449940402019e-02	7.745101921730039585e-02	7.745234817677051908e-02	9.781922401589688773e-03	1.000000000000000000e+00	-2.490281115669253781e-02	2.828391703294637002e-02	-2.792814954052143597e-02	5.318670764365512199e-02	2.585837788087615163e-02	-1.170624965391166006e-01	2.302331917694488139e-01	1.536820841871971710e-01	-1.992260883571774811e-03	2.302204228825273924e-01	1.541087814018237412e-01	4.097968175365406668e-02	-4.447789253173689561e-02	1.536621229173013303e-01	-1.024214054592232914e-01	8.722244019493671785e-02	2.302191683289320501e-01	1.533841217393613066e-01	-8.313251765556486927e-02	6.956370016141459611e-02	1.538261524084239551e-01	7.739674107850287588e-02	9.576307650830712115e-02	5.898061573526084539e-02	-8.718516381540471205e-02	9.450799752132905962e-02	6.956754398026039621e-02	-5.634337911622985806e-02	3.862835839961896705e-03	-7.547770709082179952e-02	-4.385053019202458935e-02	8.722401709565399952e-02	-5.948777983914720069e-02	-4.876512035352362218e-02	4.996619475839556013e-02	-5.350309349172881201e-02	-6.023347334091843502e-02	-9.360599282244413955e-02	9.452245121942198791e-02	6.255699800111221009e-02	4.100092996560127101e-02	-1.580682089266053497e-02	-3.800219428856557030e-02	-1.537699640489442188e-01	-7.385013423514971698e-02	-1.899072930519858302e-02	-8.719586269763240916e-02	-5.116819211328007405e-02	-2.303119608071816093e-01	1.162734098696542179e-01	9.914883194866717930e-02	1.805980014101303890e-02	-5.322364183194894932e-02	-3.473803633125879808e-02	4.991039353924417443e-02	-2.587477420129763103e-02	-5.170330112908181480e-02	-1.536259183360932368e-01	1.161674931277121847e-01
-2.107947048808557142e-02	1.063888614048276102e-02	8.698519342281729738e-01	-5.148392783513270482e-02	-5.166862734430380244e-02	-5.170448328158948337e-02	5.769209048301417522e-03	-2.490281115669253781e-02	1.000000000000000000e+00	-8.482288009126914829e-02	9.814287247028038452e-01	-2.110171031450519888e-02	-4.654250326929230269e-02	-4.630772874998864003e-02	-3.918403696155139254e-02	6.411799090357372770e-03	-8.029634407835853360e-02	-3.916316975018092894e-02	5.068029409887153669e-03	7.823745687598606530e-03	9.564381502206803498e-02	6.547043304574019437e-03	3.155562370340191797e-02	6.165612145286201995e-02	-3.922849913277402095e-02	5.853279620169519332e-03	1.065163270363603081e-02	4.144492922058910789e-02	6.332850796889376646e-03	-5.164276636102878293e-02	5.341920796907634328e-02	-5.794248633863859771e-02	-6.172433195276692125e-02	2.495035768890303818e-02	4.146212912736100403e-02	-1.112509569249394842e-01	1.402407933057570610e-01	-6.835887631882362099e-03	-1.166712045732559988e-01	6.170117839944896238e-02	-6.409863424675564525e-02	-1.404145996665719376e-01	1.340073448868704387e-01	-5.722153803190574428e-02	-9.266864092155566168e-02	3.068914556974988717e-02	2.500085561609667606e-02	1.201395259943129623e-01	7.777133940655286612e-03	-1.614074861417344811e-02	1.668699984933683378e-01	-6.405883413067245576e-03	-1.738575388578022518e-01	1.501399184150039590e-01	-6.178069376656544071e-02	-7.341476049709413920e-02	3.917047749979984256e-02	9.275826143168232341e-02	7.943067321365469835e-02	-1.242434521147880583e-01	-6.771012121699625241e-02	1.761523135930094797e-01	1.339237851220862197e-01	4.674498567008013999e-02	4.011353442496509714e-02	-6.318001329843281333e-03	7.934734455508619944e-02
-1.445753454379145875e-01	-7.349871946768075925e-02	-1.361289153103933669e-01	-1.039048067873316883e-01	-1.030396704675321795e-01	-1.029974793800575578e-01	5.549555209457864846e-01	2.828391703294637002e-02	-8.482288009126914829e-02	1.000000000000000000e+00	-9.154565104550083099e-02	6.222688466960150100e-01	-4.569227650068075075e-02	-6.801657486000248221e-02	-8.296533733716993098e-02	-4.953714017653268464e-02	9.554465041898989597e-01	-8.311064020161645916e-02	-4.174942566777156694e-02	-1.670584078348017476e-01	-3.110465342860784244e-01	-5.002989998779671516e-02	4.913184010166748994e-02	-9.507492913425324987e-02	-8.293886859957895485e-02	-4.531485066925029087e-02	-1.932426994006602450e-01	-1.171297400853661269e-01	-4.820102165274192663e-02	-1.029350227460875816e-01	-4.100215278294004617e-02	-4.286949124234608333e-02	9.599204902360018721e-02	-7.424241830912724216e-02	-1.172257075128255027e-01	8.687704360563615336e-02	-2.571289717260466512e-01	1.225244340909393582e-02	5.161516123616181062e-01	-9.542311248653265188e-02	3.891232436695087060e-02	6.115010398843374190e-02	4.968599490804295055e-02	5.611479869375855106e-02	9.340023573973199600e-02	-3.294644867619160311e-01	-7.433814310084418953e-02	-1.391155830423863315e-01	-1.668176258035551918e-01	-1.634531970095794151e-01	-1.752675065881124650e-01	4.965778250786104936e-02	5.360734010996764942e-02	-1.602435488013617404e-01	9.638295840316742080e-02	6.028611733082660934e-02	8.309362717278633015e-02	1.673670349202039664e-01	1.950934131678185302e-01	3.797992524138145143e-01	8.096167519073189933e-02	-9.403314271931556556e-02	4.946423043369195527e-02	4.508601637124327877e-02	-3.378929969800451016e-01	4.999391579927509738e-02	1.273489985092672305e-01
-1.853272880493657404e-02	1.028890125126788804e-02	8.599206414055284853e-01	-4.012449827346268455e-02	-4.030702528748487945e-02	-4.034370020197211582e-02	3.208634802066663225e-03	-2.792814954052143597e-02	9.814287247028038452e-01	-9.154565104550083099e-02	1.000000000000000000e+00	-2.378096968811028999e-02	-3.747394860801363248e-02	-5.299687961127370200e-02	-3.420743120890880340e-02	6.272441540653234332e-04	-8.540118050329463528e-02	-3.418389090378833040e-02	-8.337866410011274916e-04	1.039739087575966385e-02	9.470279506968622141e-02	7.647641206042191282e-04	3.100569854871535608e-02	5.823239113130961042e-02	-3.425127435501600093e-02	1.415360921005075470e-05	1.611830962104817550e-02	4.029292610133453079e-02	5.392762440638329373e-04	-4.028857584500623867e-02	4.397992391798912631e-02	-5.534874131982064210e-02	-5.830935580202902674e-02	2.144184032700383741e-02	4.031068457658963655e-02	-1.134423141880375463e-01	1.371490978553262519e-01	-8.861903016695928462e-03	-1.248780244920884852e-01	5.828046595983652628e-02	-6.010312134634012565e-02	-1.381564832347916827e-01	1.267834215694981781e-01	-5.292637813379731659e-02	-9.399127911088960008e-02	3.189578800337163067e-02	2.149467599998245576e-02	1.182746908496826732e-01	1.035048714979350942e-02	-9.525472828423956276e-03	1.676679668494189535e-01	-6.222159387536880300e-04	-1.713697647206979535e-01	1.393416609998463229e-01	-5.836843671629692032e-02	-7.208253032286880690e-02	3.418535359628276787e-02	8.235151092512116300e-02	6.454887673847513330e-02	-1.306955498683164685e-01	-7.023501136445824133e-02	1.785661342533706730e-01	1.267091815698544455e-01	3.768632497326342146e-02	4.984220868869081861e-02	-5.418596486331956610e-04	6.990547825660232972e-02
-1.256520121204458829e-01	-6.348732510085164371e-02	-4.212566527863995797e-02	-9.070614328354861811e-02	-9.013109740111605039e-02	-9.005817832567013237e-02	9.069201896240390859e-01	5.318670764365512199e-02	-2.110171031450519888e-02	6.222688466960150100e-01	-2.378096968811028999e-02	1.000000000000000000e+00	-3.901570055577397583e-02	-9.782653767178990656e-02	-5.846203327854455206e-02	-6.873165468915613807e-02	6.044554025996387026e-01	-5.855401140153378842e-02	-6.068066486424495559e-02	-1.023720551335898232e-01	-2.648881410608633913e-01	-6.903558830430665816e-02	4.575984546089244959e-02	-8.658193818188918145e-02	-5.841302061647630356e-02	-6.653741987156644444e-02	-3.419022661207199443e-01	-1.070166932454471587e-01	-6.625143187769581832e-02	-9.011583581932100517e-02	-2.122553301556448502e-02	-5.621518090332941475e-02	8.736198787189652926e-02	-6.057947555267517714e-02	-1.069934567369485862e-01	-1.328762979561733393e-01	-3.032816303303679240e-01	4.600863386988653103e-02	2.672987537989551798e-01	-8.680346349208323264e-02	-1.307388561612985722e-01	-1.388880611535999177e-01	4.922352168310427378e-02	-1.513640794834869019e-01	-1.012698386380408988e-01	-2.796937400404472807e-01	-6.027133671689417077e-02	7.557348405971579808e-02	-1.022188201884329517e-01	-1.076176332987059114e-01	-2.005944227940675006e-01	6.871006203367172049e-02	-1.079308460352962351e-01	-1.627741869769675220e-01	8.739262403530535794e-02	-1.540916411679212061e-01	5.846179520134225926e-02	1.455442502805544269e-01	1.735694866609583387e-01	3.301551866621856846e-01	-1.338660093071922241e-01	-9.085822835549230148e-02	4.909078507340467606e-02	3.875474457467359413e-02	-2.919526787287203273e-01	6.902950733625176638e-02	1.473030952039139363e-01
2.935024251982620500e-02	-9.700513925538310073e-03	-2.921027832439818811e-02	2.091729821658650790e-01	2.091711224127683066e-01	2.091711821988354869e-01	-4.301625155158703140e-02	2.585837788087615163e-02	-4.654250326929230269e-02	-4.569227650068075075e-02	-3.747394860801363248e-02	-3.901570055577397583e-02	1.000000000000000000e+00	2.125158163280307932e-02	1.643294567956072594e-01	9.603039483606494453e-02	-5.127238185888675220e-02	1.643299226243923605e-01	9.481160301017892145e-02	1.836398529862677820e-01	1.585462367597670992e-03	9.605201952711997504e-02	-1.349847562736275486e-01	2.860146311071612435e-02	1.643294662046371757e-01	9.563615563508598427e-02	4.542918633980544407e-02	8.150320428166995743e-03	9.587531594683468272e-02	2.091698622681522901e-01	-1.985495145232877776e-02	3.738714649278562091e-02	-2.866350849335849368e-02	5.140737469742692745e-02	8.152551317903163064e-03	7.958149791483657559e-03	-4.887883243192077398e-02	9.805591990311536554e-02	-5.357848273067482292e-02	2.862701560289292874e-02	5.234648256860147120e-02	1.648154118139345120e-02	-1.748379770530336108e-01	3.334773933264256751e-02	2.310209160215066088e-02	3.479136809013311932e-02	5.140882915846515383e-02	-4.155705436327641195e-02	1.836391109677128208e-01	1.597199366760451156e-01	-4.418452545605471710e-02	-9.600812717015715092e-02	4.033610903587472873e-02	-3.459778464192952291e-02	-2.868468763860347256e-02	4.166862594959197530e-02	-1.643301748758639047e-01	-6.794999646429479567e-02	-8.038979663628485761e-02	-4.173559825437572757e-02	1.643855795378157056e-02	-5.380498069060005856e-02	-1.748024043073267420e-01	-9.999983423615736999e-01	4.575718150792006805e-02	-9.606861105196053130e-02	-7.338684999155008215e-02
4.221212100062268074e-02	1.686609245634453774e-02	-3.299548753237102616e-02	-3.595874437763869891e-02	-3.615007958625868212e-02	-3.615853411160192127e-02	-1.037679841665206659e-01	-1.170624965391166006e-01	-4.630772874998864003e-02	-6.801657486000248221e-02	-5.299687961127370200e-02	-9.782653767178990656e-02	2.125158163280307932e-02	1.000000000000000000e+00	-4.541642883052832841e-02	1.822769689960301864e-02	-7.211993521656084871e-02	-4.538610386949901154e-02	1.736916181465417500e-02	5.631205220935685957e-02	9.886369312964421452e-02	1.826362896345589196e-02	-1.023737660737698667e-02	2.079299964130690986e-02	-4.542896738621101521e-02	1.830108534264860559e-02	1.114879450484293488e-01	3.094903036794445159e-02	1.791894118385794349e-02	-3.615220014709490115e-02	-1.541077827086569652e-01	-5.590326602212578912e-03	-2.087404854284164585e-02	1.845033243450871704e-02	3.094586794853625145e-02	3.667167940190917130e-02	7.449081627023164398e-02	2.779660831154888781e-02	7.537568821179896350e-02	2.081391894717233085e-02	2.911694066547122067e-02	5.019345642215131131e-02	-2.850093386148432398e-02	3.004909625958488914e-02	2.868637701974148524e-02	1.352483388705166267e-01	1.840857050117389662e-02	-2.795561490808985000e-02	5.627428814784643518e-02	-6.013229260771533330e-02	-2.908457398651682554e-02	-1.814822292362160486e-02	5.965056499553948732e-02	-2.236161499507317157e-02	-2.088429432480863948e-02	2.878808494540067986e-02	4.547007759890316775e-02	-1.627692824493374435e-01	-1.702939162209607948e-01	2.307816454423788910e-02	1.329257231465866100e-02	-8.121598938996033024e-02	-2.842582841810924882e-02	-2.126982860560032440e-02	9.239180456179514611e-02	-1.829010314987584984e-02	-1.232307219012402227e-01
2.267610009780858527e-01	1.287654335362803729e-02	-4.381064490631020325e-02	6.472146125554801843e-01	6.470357822034346063e-01	6.470233771275861745e-01	-8.280931234522033446e-02	2.302331917694488139e-01	-3.918403696155139254e-02	-8.296533733716993098e-02	-3.420743120890880340e-02	-5.846203327854455206e-02	1.643294567956072594e-01	-4.541642883052832841e-02	1.000000000000000000e+00	8.515248943479206134e-02	-1.046361113595852821e-01	9.999998553118090161e-01	8.262903648347461050e-02	9.358032982043089365e-02	8.419862150610726544e-04	8.519360195876957143e-02	-6.328713119183736191e-02	9.596064428593807649e-03	9.999996547280626258e-01	8.390158577843029319e-02	2.844270116035995527e-02	2.299439059689848547e-02	8.502044095044024308e-02	6.468484188656576928e-01	6.283406415118868160e-02	3.351786568190450594e-02	-9.752970156605611854e-03	4.578444445080220859e-02	2.300395767757710055e-02	-7.500619507457259583e-02	1.672373307441239049e-02	-1.621973217297535338e-02	-1.701524086780804301e-01	9.699482869604609397e-03	-6.303492742440268415e-02	-6.560533805713400501e-02	-6.863561710495397206e-02	-6.255786075606510621e-02	-6.316570299571970526e-02	-1.658227360300255568e-02	4.578143404006913830e-02	5.842828423481697536e-02	9.353306681174362869e-02	1.519613861711036629e-01	-3.189293825001385252e-02	-8.516992588333666125e-02	-6.792160708357267151e-02	-2.174780199091526367e-02	-9.773430245663180388e-03	-5.187413871271445015e-02	-9.999963108591944927e-01	4.283262442342288152e-03	1.551852113941211246e-02	-1.129189530817593656e-01	-7.202143190560943153e-02	-2.264731140998587841e-02	-6.859739818808865963e-02	-1.639360918188549343e-01	3.167304146108731316e-02	-8.518638112914951599e-02	1.032496785244148806e-02
1.297690024613268600e-01	-1.552431837958039886e-02	1.575223154585801786e-03	3.199977914279895641e-01	3.199994452780265952e-01	3.199994797674550195e-01	-9.923802160676174766e-02	1.536820841871971710e-01	6.411799090357372770e-03	-4.953714017653268464e-02	6.272441540653234332e-04	-6.873165468915613807e-02	9.603039483606494453e-02	1.822769689960301864e-02	8.515248943479206134e-02	1.000000000000000000e+00	-8.536623361659695375e-02	8.514851688204397306e-02	9.998682548874880949e-01	2.809793578758874033e-01	-2.814452005805353693e-02	9.999998266505102373e-01	-3.711015595290322044e-02	5.285924703808155822e-01	8.513591355863163457e-02	9.999712410315848565e-01	-4.962005674267791488e-02	3.712855503393214240e-01	9.999948304756536288e-01	3.199989921472673471e-01	-1.472075694925767918e-02	9.920559155029942677e-03	-5.285922620817649076e-01	6.727149337488891323e-01	3.712855068838971651e-01	-8.083845112179773029e-02	-3.587628735213416881e-02	4.269053627083527550e-03	-3.400983262059222023e-02	5.285925603995873523e-01	-1.089750043287149028e-01	-1.103334204230325272e-01	-4.842739331573023796e-03	-9.755904793961703292e-02	-6.684823433689077166e-02	-3.790103948384621751e-02	6.727147892156091213e-01	1.162423945548287929e-01	2.809795337253463421e-01	-2.422074271571642099e-03	-9.414623859467807776e-02	-9.999993503670502326e-01	-1.264597796479353942e-01	-4.325994631873412294e-02	-5.285920150731314715e-01	-1.075283053943188738e-01	-8.505118131340264065e-02	-4.179410245512445859e-02	-1.649190780268047080e-02	-7.770023617559478415e-04	-7.151947675657975567e-02	4.243080890411687206e-02	-4.894610346191083372e-03	-9.619372969048287092e-02	7.120327829808677234e-02	-9.999998132896953384e-01	-3.795240414770961745e-02
-1.608682867188567234e-01	-7.411737892785670578e-02	-1.293542560750427506e-01	-1.141442197981483303e-01	-1.132461224896217505e-01	-1.132000316987345073e-01	6.096707566268653178e-01	-1.992260883571774811e-03	-8.029634407835853360e-02	9.554465041898989597e-01	-8.540118050329463528e-02	6.044554025996387026e-01	-5.127238185888675220e-02	-7.211993521656084871e-02	-1.046361113595852821e-01	-8.536623361659695375e-02	1.000000000000000000e+00	-1.047860863578036067e-01	-7.730237282125014542e-02	-2.045408478778921180e-01	-3.108518280076988383e-01	-8.586246513320772156e-02	5.165451817717249539e-02	-1.337299303547200557e-01	-1.045968751329141716e-01	-8.104362611123301641e-02	-1.942735002347613371e-01	-1.628452386018207909e-01	-8.396668217013196489e-02	-1.131630705261062186e-01	-4.070972042794930579e-02	-5.216693618265097476e-02	1.346148781752636858e-01	-1.137662274525048783e-01	-1.629362561532530229e-01	1.234783180554771820e-01	-2.744131603085988580e-01	2.505305532150816500e-02	5.255095386695675108e-01	-1.340213586335881057e-01	7.768425666131544005e-02	9.998321767132885285e-02	4.637709832604133831e-02	7.990319252937738703e-02	1.443661008157001713e-01	-3.326271447974903372e-01	-1.138504273692146768e-01	-1.898830480687905276e-01	-2.043007824917758286e-01	-1.597004172352889939e-01	-1.334328784128984702e-01	8.547574765594828650e-02	1.068554111602928181e-01	-1.239132937966699877e-01	1.349683790513581116e-01	9.923116779185421621e-02	1.047776889366316272e-01	1.653859370536643336e-01	1.943361340253544900e-01	3.913460313939081670e-01	1.200735066587534927e-01	-6.891622308244138573e-02	4.615757803082195382e-02	5.068584430965096532e-02	-3.522177233334405355e-01	8.582023785398396054e-02	1.281139410545623081e-01
2.268060567515806647e-01	1.291496368899652109e-02	-4.376774998167252961e-02	6.472435692451123934e-01	6.470634996967962183e-01	6.470511715833932032e-01	-8.290492547201770701e-02	2.302204228825273924e-01	-3.916316975018092894e-02	-8.311064020161645916e-02	-3.418389090378833040e-02	-5.855401140153378842e-02	1.643299226243923605e-01	-4.538610386949901154e-02	9.999998553118090161e-01	8.514851688204397306e-02	-1.047860863578036067e-01	1.000000000000000000e+00	8.262137836073424335e-02	9.371043625621566786e-02	8.256944601266582098e-04	8.518970025410549374e-02	-6.328466233803622942e-02	9.628835900040188731e-03	9.999996543411099337e-01	8.389589570224539883e-02	2.860363663043134427e-02	2.304152437376198737e-02	8.501622272872015607e-02	6.468758600855347707e-01	6.280099331431016063e-02	3.351608175524223993e-02	-9.785936801912260841e-03	4.580281780442534145e-02	2.305110505753881975e-02	-7.505226367196257686e-02	1.671246347148061182e-02	-1.623811781974431392e-02	-1.703695060392602656e-01	9.732358402222389057e-03	-6.306860358332345984e-02	-6.564853362174248586e-02	-6.868220731732781192e-02	-6.261008749329892431e-02	-6.320436370431078976e-02	-1.654248226818492637e-02	4.579981702395011928e-02	5.848795705142751516e-02	9.366303723033192474e-02	1.520335784992811190e-01	-3.190172638158900870e-02	-8.516599078905671971e-02	-6.793980939467619828e-02	-2.175706838728670711e-02	-9.806431986835428480e-03	-5.191752196473757575e-02	-9.999966952776080387e-01	4.079420946945523999e-03	1.531699711974193398e-02	-1.131157044036029818e-01	-7.207452044302252447e-02	-2.264601565090420057e-02	-6.864377202807543654e-02	-1.639361361400803740e-01	3.173339703004064705e-02	-8.518249895422586038e-02	1.016188743622841763e-02
1.269155643332126882e-01	-1.688927226655759922e-02	-6.749171023150905661e-04	3.175113999401268927e-01	3.175357287917076610e-01	3.175365640765353548e-01	-9.099214487504919679e-02	1.541087814018237412e-01	5.068029409887153669e-03	-4.174942566777156694e-02	-8.337866410011274916e-04	-6.068066486424495559e-02	9.481160301017892145e-02	1.736916181465417500e-02	8.262903648347461050e-02	9.998682548874880949e-01	-7.730237282125014542e-02	8.262137836073424335e-02	1.000000000000000000e+00	2.770911701643506975e-01	-3.187054747198587307e-02	9.998641102188643437e-01	-3.654804305005217302e-02	5.274669735113565183e-01	8.261256687334400661e-02	9.999290984285928996e-01	-5.750010279034992872e-02	3.697857708721501990e-01	9.998837653198792141e-01	3.175385911536708905e-01	-1.526567365948872795e-02	9.589118827918362981e-03	-5.274558861853204661e-01	6.719982806851616530e-01	3.697854123855097153e-01	-7.747331069587941321e-02	-4.142110441433459467e-02	6.920947707110453734e-03	-2.435985592416090723e-02	5.274624326805845698e-01	-1.063066092338138396e-01	-1.070304092592865575e-01	-2.928832797187661940e-03	-9.452016678416430562e-02	-6.366415400516706180e-02	-4.255686359996591062e-02	6.719992523988516098e-01	1.122909005126120630e-01	2.770954174319997798e-01	-6.000991944057171637e-03	-9.522092062016014602e-02	-9.998688010129562764e-01	-1.237980694689966299e-01	-4.431866910566750056e-02	-5.274542747139918664e-01	-1.042057040256616773e-01	-8.252414262502213993e-02	-3.714473001335662217e-02	-1.150706435881223427e-02	1.046998681584120419e-02	-6.809025457464283615e-02	4.230989253167836278e-02	-2.985945944705356743e-03	-9.498896206752076299e-02	6.602024860904687209e-02	-9.998642881577106678e-01	-3.442694887171064005e-02
1.247969875180118260e-01	2.324632424333279712e-02	1.544219241753966472e-02	1.671526672688711246e-01	1.663188705172322090e-01	1.663731128290708294e-01	-1.514720685068360051e-01	4.097968175365406668e-02	7.823745687598606530e-03	-1.670584078348017476e-01	1.039739087575966385e-02	-1.023720551335898232e-01	1.836398529862677820e-01	5.631205220935685957e-02	9.358032982043089365e-02	2.809793578758874033e-01	-2.045408478778921180e-01	9.371043625621566786e-02	2.770911701643506975e-01	1.000000000000000000e+00	-3.020358977168936809e-02	2.810457041151371849e-01	-7.203584126390316644e-02	5.315958862020230269e-01	9.366217721313872813e-02	2.793017256881816790e-01	1.745209871989913397e-01	3.908885379136280980e-01	2.807986316220410505e-01	1.661907906861883610e-01	-6.117446167842253285e-02	2.354469482276096842e-02	-5.317218493037129123e-01	4.176935321934766576e-01	3.909012356108798603e-01	-1.098420467221684488e-01	-2.340469707738553756e-02	2.543566151903060499e-02	-2.094617437282188244e-01	5.316121618650401226e-01	-1.063198993332997722e-01	-1.147553654256380229e-01	-6.324070377198733051e-02	-1.029868184505943890e-01	-1.073556061658499095e-01	1.762531491822270230e-02	4.176975756319478150e-01	1.580242871074936384e-01	9.999996794439749426e-01	9.304050942738080476e-02	-1.829317977378117632e-01	-2.810189818744630585e-01	-1.006278790228855302e-01	-1.623620926521764651e-01	-5.317490375598624697e-01	-1.055643046705974086e-01	-9.380149652244990088e-02	-2.641142118106822867e-01	-2.489704622258002154e-01	-1.914361176355312277e-01	-1.164587727784393151e-01	-3.260791957160460997e-02	-6.306433711068942793e-02	-1.833711673130347664e-01	1.349763493618400811e-01	-2.810811818470528856e-01	-2.184539830867022470e-01
5.569372409015649339e-02	-2.058588954457804196e-02	1.021238455282129087e-01	-1.372697293348593313e-02	-1.364240417826070861e-02	-1.373459330632357915e-02	-2.440668089477229519e-01	-4.447789253173689561e-02	9.564381502206803498e-02	-3.110465342860784244e-01	9.470279506968622141e-02	-2.648881410608633913e-01	1.585462367597670992e-03	9.886369312964421452e-02	8.419862150610726544e-04	-2.814452005805353693e-02	-3.108518280076988383e-01	8.256944601266582098e-04	-3.187054747198587307e-02	-3.020358977168936809e-02	1.000000000000000000e+00	-2.796450564391216725e-02	6.386774969603406689e-03	2.621351142197065817e-02	7.600376921854620250e-04	-2.944674676316751810e-02	1.415486713892868675e-01	3.657914665669165233e-02	-2.880663008125778843e-02	-1.356529934345499303e-02	6.137662401896773479e-02	-3.111810343922428307e-03	-2.651590949522620450e-02	-9.368315583571741600e-03	3.660000894965351886e-02	-2.694004770347209476e-02	5.287497607539916045e-01	2.654317358311604202e-01	-1.338275586211498114e-01	2.630934693080706072e-02	-2.231657703531152517e-02	-2.972243612618114678e-02	6.189643828877712528e-02	-3.615362383251082001e-02	-2.930199973251372200e-02	7.797013160286062616e-01	-9.373126257146332727e-03	5.519056842391083934e-02	-3.023157674891903401e-02	6.011053436888401380e-02	2.224760512301245940e-01	2.884085033759253500e-02	-3.778511849466976991e-02	1.905090436677069066e-01	-2.660753172569063629e-02	-3.966676014230606506e-02	-6.781617977549590304e-04	7.490445324842076591e-02	7.362095292656084533e-02	-1.754615069667058991e-01	-3.883514286929611037e-02	7.831113166594640129e-02	6.183110519284194806e-02	-1.475168755689104183e-03	6.165535006096077852e-01	2.803100654379074921e-02	6.144191057189193200e-02
1.298375795117846232e-01	-1.548465985603680525e-02	1.740052108964740404e-03	3.200302353986794746e-01	3.200314439557462309e-01	3.200314469095689174e-01	-9.952149994554534973e-02	1.536621229173013303e-01	6.547043304574019437e-03	-5.002989998779671516e-02	7.647641206042191282e-04	-6.903558830430665816e-02	9.605201952711997504e-02	1.826362896345589196e-02	8.519360195876957143e-02	9.999998266505102373e-01	-8.586246513320772156e-02	8.518970025410549374e-02	9.998641102188643437e-01	2.810457041151371849e-01	-2.796450564391216725e-02	1.000000000000000000e+00	-3.713341736023006989e-02	5.286294104631665824e-01	8.517699655122014379e-02	9.999688564032388483e-01	-4.952206975218083340e-02	3.713306060143675147e-01	9.999937850048864485e-01	3.200309622109772656e-01	-1.470130790770838095e-02	9.948140922908363729e-03	-5.286296733748200305e-01	6.727320449482423470e-01	3.713306106022691289e-01	-8.088180873182435060e-02	-3.572460594602715200e-02	4.268108346018081867e-03	-3.428135866800700177e-02	5.286296761092655894e-01	-1.089638772535479611e-01	-1.103596754653183992e-01	-4.851889667336802860e-03	-9.755951376181626333e-02	-6.690936464287181029e-02	-3.771578128121329948e-02	6.727319603195812681e-01	1.163060923969071875e-01	2.810457652224612746e-01	-2.344269394317660508e-03	-9.402763033039673868e-02	-9.999992789567782037e-01	-1.264949373424803236e-01	-4.316366600740038223e-02	-5.286296086950158513e-01	-1.075507852656545915e-01	-8.509233294518066260e-02	-4.185291357327226153e-02	-1.658275283739023623e-02	-9.750526373895297347e-04	-7.156236375601641997e-02	4.252672315210088289e-02	-4.903674141292416362e-03	-9.621502449779782695e-02	7.138205667363338447e-02	-9.999998769618089201e-01	-3.799764295625019522e-02
-1.345880645084664151e-01	-8.473961496232595980e-02	1.902650191638590241e-02	-4.546597479194793012e-02	-4.540446397626666380e-02	-4.541060626216920915e-02	4.876333730685035450e-02	-1.024214054592232914e-01	3.155562370340191797e-02	4.913184010166748994e-02	3.100569854871535608e-02	4.575984546089244959e-02	-1.349847562736275486e-01	-1.023737660737698667e-02	-6.328713119183736191e-02	-3.711015595290322044e-02	5.165451817717249539e-02	-6.328466233803622942e-02	-3.654804305005217302e-02	-7.203584126390316644e-02	6.386774969603406689e-03	-3.713341736023006989e-02	1.000000000000000000e+00	-8.519746369049634518e-03	-6.329117066589505514e-02	-3.679169272994245454e-02	-2.860406502450851818e-02	5.226910127273508115e-03	-3.701718145279944694e-02	-4.536408752411188322e-02	9.370183755075508006e-03	-1.552942233863791321e-01	8.570189730751456500e-03	-1.836160247379222538e-02	5.223755871183631376e-03	-2.349380299766843511e-02	1.398358344775950737e-02	-1.399839958288616459e-02	4.841296517014780781e-02	-8.537741037978236608e-03	-8.033812623507389367e-03	-2.043603853150646396e-02	6.218478856826791662e-02	1.810766251037846178e-02	-2.332333701667354403e-02	-1.279418285016547955e-03	-1.835872348154000619e-02	-4.190040390094202510e-03	-7.202665981328625067e-02	-6.762914873884640077e-02	-2.237558526199685555e-03	3.712974422088820281e-02	-2.253317688204302741e-02	-1.207827454626007879e-02	8.587326247868188808e-03	3.980577284819174222e-03	6.329731713482260325e-02	4.609307590600750237e-02	2.564685561930793098e-02	3.350998972662613123e-02	-3.777128573451317070e-03	3.884530019322367245e-02	6.214866806933405652e-02	1.349620909911451450e-01	-2.953884763020087414e-02	3.713656879944259720e-02	2.937778963562453008e-02
